0 0.827039 0.732367 0.130970 0.356472
0 0.746073 0.261965 0.152486 0.364150
0 0.165636 0.745430 0.127128 0.367642
0 0.431794 0.734433 0.140744 0.375704
0 0.072702 0.265475 0.133164 0.345466
0 0.488418 0.251463 0.138795 0.370932
0 0.612279 0.261005 0.107458 0.351993
0 0.693249 0.732176 0.129435 0.366728
0 0.283992 0.735932 0.155443 0.376252
0 0.880654 0.265713 0.129256 0.362724
0 0.347194 0.265146 0.126139 0.341920
0 0.193945 0.260585 0.163522 0.349799
0 0.049402 0.747276 0.098804 0.366581
0 0.555334 0.737523 0.107542 0.367331
0 0.945847 0.728126 0.108305 0.343528
0 0.972792 0.273967 0.054416 0.351956