0 0.321250 0.682902 0.125980 0.384526
0 0.928492 0.181669 0.127575 0.363337
0 0.808126 0.183838 0.118560 0.367676
0 0.681095 0.189802 0.127491 0.377445
0 0.561222 0.194356 0.124902 0.380055
0 0.434838 0.196960 0.123429 0.383524
0 0.077913 0.180545 0.140760 0.314218
0 0.563131 0.657990 0.123738 0.397896
0 0.445028 0.664868 0.118480 0.397137
0 0.310288 0.170402 0.125549 0.311399
0 0.193485 0.189895 0.126745 0.289813
0 0.196067 0.674868 0.124386 0.405903
0 0.068996 0.689202 0.127580 0.379306
0 0.924367 0.644323 0.147889 0.408491
0 0.805849 0.657731 0.142617 0.386079
0 0.682261 0.664460 0.128255 0.382974